TTF_SIDE_ARR=[10.05,0]
SRES_SIDE_ARR=[0.0001, 0.0020]
TTF_DPT_PPT_ARR=[9.55,7.05,2.05,0.05]
SRES_FRONT_ARR=[0.0025,0.00312 ,0.00405,0.0045]
TTF_DAB_ARR=[19.5,17.05,12.05,9.55]
TTF_PAB_ARR=[14.55,12.05,7.05,4.55]